StormID/Date, Name/Hour, Rows/SpecialRow, System Status, Lat, Lon, Max Wind (kts), Min Pressure (mBar), R34 NE(Nauts; kts), R34 SE (Nauts; kts), R34 SW (Nauts; kts), R34 NW (Nauts; kts), R50 NE (Nauts; kts), R50 SE (Nauts; kts), R50 SW (Nauts; kts), R50 NW (Nauts; kts), R64 NE (Nauts; kts), R64 SE (Nauts; kts), R64 SW (Nauts; kts), R64 NW (Nauts; kts),
AL122015,               KATE,     20,
20151108, 1800,  , TD, 22.2N,  71.5W,  30, 1010,    0,    0,    0,    0,    0,    0,    0,    0,    0,    0,    0,    0,
20151109, 0000,  , TD, 22.8N,  72.6W,  30, 1010,    0,    0,    0,    0,    0,    0,    0,    0,    0,    0,    0,    0,
20151109, 0600,  , TS, 23.4N,  73.7W,  35, 1010,   50,    0,    0,   30,    0,    0,    0,    0,    0,    0,    0,    0,
20151109, 1200,  , TS, 24.1N,  74.8W,  40, 1008,   60,    0,    0,   30,    0,    0,    0,    0,    0,    0,    0,    0,
20151109, 1800,  , TS, 25.0N,  75.7W,  45, 1008,   70,    0,    0,   30,    0,    0,    0,    0,    0,    0,    0,    0,
20151110, 0000,  , TS, 26.4N,  76.2W,  50, 1006,   70,   50,    0,   20,   20,    0,    0,    0,    0,    0,    0,    0,
20151110, 0600,  , TS, 28.0N,  76.2W,  55, 1003,   70,   50,   20,   20,   20,    0,    0,    0,    0,    0,    0,    0,
20151110, 1200,  , TS, 29.5N,  75.4W,  60,  998,   70,   70,   20,   20,   20,   10,    0,    0,    0,    0,    0,    0,
20151110, 1800,  , TS, 31.2N,  74.0W,  60,  993,   70,   70,   20,   20,   20,   10,    0,    0,    0,    0,    0,    0,
20151111, 0000,  , HU, 33.1N,  71.3W,  65,  990,   80,   80,   60,   20,   20,   30,    0,    0,    0,   20,    0,    0,
20151111, 0600,  , HU, 35.2N,  67.6W,  70,  985,   80,  100,  100,   20,   30,   60,    0,    0,    0,   20,    0,    0,
20151111, 1200,  , HU, 36.2N,  62.5W,  75,  980,  120,  180,  180,   50,   60,   90,   60,    0,    0,   30,    0,    0,
20151111, 1800,  , HU, 37.6N,  58.2W,  65,  980,  150,  200,  180,   60,   60,   90,   60,    0,    0,   40,    0,    0,
20151112, 0000,  , EX, 38.9N,  55.0W,  65,  980,  180,  210,  180,   90,   90,  110,   60,    0,    0,   40,    0,    0,
20151112, 0600,  , EX, 40.0N,  52.0W,  65,  980,  220,  220,  180,  120,  120,  120,   60,    0,    0,   40,    0,    0,
20151112, 1200,  , EX, 41.3N,  50.4W,  55,  981,  220,  220,  180,  120,  120,  120,   60,    0,    0,    0,    0,    0,
20151112, 1800,  , EX, 41.9N,  49.9W,  55,  983,  220,  220,  180,  120,  120,  120,   60,    0,    0,    0,    0,    0,
20151113, 0000,  , EX, 41.5N,  49.2W,  50,  985,  540,  520,  200,  220,  120,  120,   60,    0,    0,    0,    0,    0,
20151113, 0600,  , EX, 40.8N,  47.5W,  45,  985,  620,  460,  180,  220,    0,    0,    0,    0,    0,    0,    0,    0,
20151113, 1200,  , EX, 40.7N,  45.4W,  45,  987,  710,  400,  150,  220,    0,    0,    0,    0,    0,    0,    0,    0,
